0.285903
0.0229312
0.390784
0.15359
0.563036
0.23177
0.102672
0.594103
0.0281353
0.0314764
0.00937035
0.311511
0.114026
0.989387
0.52335
0.114127
0.866613
0.549186
0.421221
0.449356
0.952364
0.277978
0.480244
0.212752
0.246119
0.520603
0.299085
0.919738
0.243127
0.0117921
0.186205
0.529031
0.0347233
0.576988
0.68262
0.597759
0.808758
0.785293
0.191862
0.836893
0.816769
0.201232
0.148404
0.930795
0.190619
0.671755
0.0449223
0.0572317
0.220941
0.466144
0.506587
0.173305
0.744121
0.986832
0.386057
0.99024
0.507435
0.685142
0.909978
0.750562
0.696934
0.0961823
0.279593
0.731657
0.67317
0.962213
0.329417
0.481928
0.747506
0.521279
0.318822
0.564275
0.722511
0.467226
0.49507
0.91313
0.138981
0.539992
0.970362
0.359922
0.00613593
0.476949
0.533226
0.750257
0.463781
0.919284
0.740498
0.971216
0.604426
0.650475
0.721778
0.30136
0.746658
0.0013711
0.033017
0.419828
0.963584
0.362434
0.901756
0.71109
